46 73 03 F0 69 08 6E 08 69 08 68 08 63 08 5B 08 5F 08 5F 08 5F 08 71 08 60 08 68 08 6B 08 70 08
60 08 71 08 62 08 70 08 6A 08 72 08 64 08 67 08 59 08 64 08 68 08 62 08 72 08 63 08 68 08 67 08
68 08 67 08 62 08 64 08 64 08 67 08 5F 08 6B 08 60 08 6C 08 5A 08 6D 08 65 08 71 08 71 08 67 08
65 08 68 08 61 08 6D 08 60 08 6A 08 6F 08 65 08 68 08 71 08 62 08 67 08 62 08 78 08 72 08 73 08
6E 08 6C 08 69 08 75 08 67 08 70 08 64 08 69 08 60 08 5E 08 63 08 60 08 53 08 66 08 5E 08 71 08
6A 08 67 08 71 08 75 08 70 08 80 08 6F 08 81 08 75 08 73 08 73 08 6E 08 61 08 72 08 59 08 6B 08
58 08 5C 08 67 08 69 08 6D 08 6C 08 5B 08 6B 08 62 08 63 08 62 08 5C 08 56 08 5D 08 5B 08 59 08
51 08 5B 08 65 08 5D 08 5D 08 5D 08 61 08 6D 08 6A 08 75 08 6D 08 78 08 71 08 72 08 64 08 63 08
5D 08 6C 08 5B 08 68 08 55 08 59 08 54 08 57 08 53 08 5E 08 57 08 69 08 5D 08 60 08 60 08 64 08
58 08 6B 08 54 08 5E 08 48 08 63 08 53 08 5E 08 5A 08 61 08 62 08 5D 08 58 08 61 08 5B 08 56 08
4E 08 57 08 54 08 4E 08 4D 08 4C 08 44 08 58 08 4B 08 59 08 58 08 6C 08 55 08 58 08 5B 08 6A 08
5B 08 69 08 5A 08 60 08 53 08 61 08 55 08 5A 08 58 08 60 08 5E 08 61 08 64 08 7C 08 5E 08 66 08
46 08 60 08 58 08 67 08 5F 08 61 08 5A 08 5E 08 56 08 5A 08 4C 08 4B 08 4C 08 57 08 4E 08 5B 08
5A 08 58 08 60 08 64 08 5D 08 5D 08 59 08 52 08 54 08 64 08 56 08 5A 08 4E 08 59 08 53 08 5D 08
4B 08 5B 08 58 08 5C 08 54 08 58 08 5B 08 67 08 5D 08 63 08 63 08 61 08 61 08 61 08 5F 08 69 08
54 08 61 08 55 08 59 08 4E 08 54 08 4C 08 53 08 4C 08 53 08 4B 08 55 08 48 08 56 08 55 08 58 08
5B 08 57 08 5A 08 62 08 53 08 60 08 53 08 58 08 5A 08 4C 08 48 08 57 08 4F 08 56 08 4C 08 53 08
3E 08 50 08 51 08 61 08 51 08 61 08 62 08 65 08 65 08 6F 08 64 08 6C 08 5F 08 63 08 5A 08 5D 08
66 08 5A 08 4D 08 57 08 4B 08 56 08 51 08 58 08 4A 08 52 08 4F 08 60 08 56 08 5C 08 5A 08 65 08
62 08 68 08 60 08 64 08 54 08 69 08 59 08 69 08 5A 08 62 08 63 08 59 08 54 08 5D 08 5D 08 65 08
59 08 62 08 50 08 60 08 5A 08 4D 08 59 08 62 08 5F 08 64 08 58 08 5F 08 52 08 62 08 5C 08 5C 08
59 08 5C 08 53 08 5D 08 52 08 58 08 4C 08 60 08 4E 08 59 08 5B 08 58 08 54 08 59 08 54 08 61 08
5B 08 6A 08 55 08 6A 08 5D 08 68 08 67 08 66 08 63 08 6A 08 61 08 64 08 5E 08 56 08 55 08 56 08
50 08 5C 08 53 08 65 08 51 08 5A 08 55 08 59 08 5A 08 5D 08 56 08 62 08 5A 08 5D 08 5C 08 61 08
61 08 6A 08 61 08 73 08 5F 08 69 08 60 08 6D 08 5B 08 65 08 67 08 64 08 66 08 67 08 5E 08 66 08
63 08 65 08 61 08 67 08 58 08 6D 08 56 08 65 08 5C 08 5E 08 5B 08 5A 08 54 08 5D 08 61 08 5D 08
4F 08 60 08 56 08 60 08 57 08 63 08 51 08 63 08 5E 08 61 08 5D 08 5E 08 5D 08 60 08 5C 08 66 08
4E 08 58 08 5C 08 5B 08 56 08 60 08 45 08 68 08 61 08 60 08 66 08 66 08 61 08 6A 08 5C 08 6F 08
5B 08 6D 08 62 08 61 08 7A 08 63 08 5E 08 62 08 5F 08 60 08 54 08 61 08 57 08 60 08 57 08 61 08
5D 08 5E 08 5D 08 67 08 6A 08 6C 08 6A 08 69 08 66 08 65 08 65 08 5B 08 63 08 5E 08 56 08 5F 08
5C 08 5F 08 55 08 63 08 57 08 60 08 5B 08 5D 08 63 08 64 08 5E 08 59 08 5A 08 66 08 5D 08 5F 08
61 08 5B 08 63 08 6A 08 61 08 6F 08 63 08 6B 08 6A 08 6A 08 70 08 68 08 65 08 71 08 60 08 71 08
6A 08 6F 08 6E 08 65 08 62 08 6F 08 68 08 72 08 61 08 65 08 5C 08 69 08 5A 08 67 08 5F 08 67 08
57 08 60 08 51 08 52 08 55 08 5B 08 5C 08 6A 08 5D 08 65 08 68 08 6D 08 66 08 6A 08 6D 08 68 08
68 08 6F 08 6D 08 70 08 6B 08 65 08 58 08 68 08 5F 08 60 08 5B 08 5C 08 62 08 64 08 64 08 70 08
6A 08 76 08 65 08 6F 08 6F 08 6B 08 68 08 69 08 5D 08 61 08 55 08 5E 08 56 08 61 08 52 08 5B 08
52 08 5B 08 52 08 63 08 58 08 6C 08 5F 08 70 08 6F 08 76 08 61 08 6D 08 58 08 6D 08 57 08 6B 08
5C 08 5F 08 5F 08 55 08 52 08 5F 08 53 08 5A 08 59 08 66 08 5C 08 69 08 63 08 6B 08 67 08 68 08
5B 08 63 08 5D 08 5E 08 66 08 67 08 5F 08 60 08 5E 08 60 08 5C 08 62 08 5A 08 6F 08 61 08 68 08
65 08 63 08 54 08 6F 08 5F 08 64 08 5A 08 69 08 5A 08 62 08 5B 08 65 08 5F 08 6C 08 66 08 68 08
66 08 79 08 72 08 78 08 6D 08 6D 08 66 08 6C 08 67 08 6D 08 60 08 70 08 68 08 69 08 58 08 58 08
5A 08 63 08 5C 08 5F 08 59 08 66 08 62 08 72 08 6D 08 64 08 5D 08 71 08 69 08 6E 08 6D 08 6D 08
65 08 68 08 61 08 6B 08 5E 08 64 08 5E 08 63 08 58 08 72 08 68 08 79 08 6A 08 77 08 6B 08 7C 08
70 08 6F 08 63 08 6A 08 58 08 69 08 6D 08 59 08 65 08 65 08 64 08 67 08 65 08 6B 08 73 08 6F 08
64 08 6B 08 5F 08 66 08 65 08 73 08 45 08 64 08 61 08 64 08 5A 08 57 08 57 08 63 08 5A 08 64 08
58 08 6B 08 61 08 6C 08 62 08 5B 08 5F 08 60 08 54 08 62 08 59 08 4F 08 4E 08 5B 08 58 08 64 08
60 08 6A 08 6A 08 75 08 71 08 74 08 76 08 7B 08 63 08 6A 08 5D 08 62 08 5F 08 5D 08 5F 08 65 08
57 08 69 08 5B 08 6A 08 60 08 66 08 64 08 64 08 65 08 67 08 59 08 53 08 4A 08 4B 08 42 08 55 08
50 08 59 08 56 08 53 08 50 08 59 08 5B 08 62 08 5C 08 6B 08 5A 08 61 08 5D 08 5D 08 59 08 60 08
56 08 69 08 59 08 6A 08 5A 08 6A 08 67 08 63 08 66 08 66 08 60 08 68 08 54 08 5E 08 51 08 53 08
51 08 59 08 53 08 53 08 4E 08 53 08 52 08 59 08 59 08 4D 08 48 08 54 08 4C 08 4C 08 48 08 4F 08
46 08 51 08 46 08 57 08 53 08 65 08 57 08 58 08 59 08 5F 08 51 08 62 08 56 08 5F 08 48 08 50 08
4B 08 51 08 42 08 50 08 46 08 4D 08 4A 08 58 08 49 08 51 08 46 08 57 08 54 08 65 08 4F 08 5C 08
49 08 56 08 4B 08 46 08 42 08 4A 08 44 08 4A 08 3D 08 4B 08 47 08 4D 08 54 08 52 08 47 08 44 08
48 08 3D 08 3D 08 40 08 3D 08 53 08 3A 08 46 08 41 08 4F 08 40 08 51 08 40 08 4F 08 3C 08 57 08
40 08 55 08 46 08 4E 08 2C 08 4B 08 3D 08 43 08 39 08 48 08 3A 08 46 08 39 08 48 08 44 08 42 08
43 08 44 08 41 08 44 08 46 08 4C 08 46 08 4C 08 41 08 48 08 37 08 48 08 34 08 3D 08 2E 08 3E 08
34 08 44 08 43 08 3A 08 3C 08 4F 08 4D 08 5B 08 4D 08 62 08 50 08 55 08 45 08 4C 08 44 08 4D 08
40 08 44 08 3E 08 46 08 3B 08 3D 08 34 08 3C 08 3B 08 39 08 3F 08 39 08 3F 08 45 08 3E 08 4A 08
46 08 4B 08 4B 08 42 08 40 08 44 08 3D 08 49 08 30 08 37 08 31 08 33 08 33 08 34 08 31 08 38 08
35 08 40 08 2A 08 3E 08 36 08 32 08 30 08 3A 08 34 08 3F 08 39 08 3E 08 2F 08 3A 08 38 08 3D 08
31 08 2E 08 2E 08 2F 08 25 08 3B 08 2D 08 61 08 33 08 38 08 33 08 3C 08 34 08 3F 08 35 08 48 08
38 08 41 08 34 08 3B 08 36 08 3B 08 37 08 3E 08 30 08 40 08 39 08 46 08 36 08 31 08 34 08 3B 08
32 08 39 08 27 08 32 08 24 08 2F 08 26 08 24 08 22 08 31 08 2A 08 43 08 2D 08 31 08 34 08 40 08
34 08 39 08 36 08 33 08 2A 08 30 08 27 08 2A 08 26 08 2F 08 1D 08 3A 08 1D 08 2D 08 20 08 2A 08
23 08 2A 08 28 08 34 08 28 08 2F 08 2D 08 3B 08 32 08 35 08 34 08 2A 08 27 08 26 08 1D 08 27 08
18 08 28 08 1A 08 29 08 21 08 2A 08 20 08 29 08 23 08 1D 08 1E 08 26 08 28 08 23 08 20 08 26 08
24 08 2B 08 19 08 24 08 19 08 22 08 1C 08 20 08 18 08 08 08 10 08 1E 08 19 08 1F 08 19 08 26 08
20 08 26 08 18 08 21 08 27 08 28 08 23 08 2B 08 17 08 1F 08 18 08 21 08 1A 08 20 08 0C 08 29 08
0F 08 1E 08 14 08 22 08 1A 08 1E 08 1A 08 24 08 25 08 2A 08 29 08 22 08 15 08 2B 08 15 08 29 08
1B 08 2A 08 1D 08 24 08 18 08 1E 08 16 08 22 08 12 08 1F 08 18 08 1A 08 1D 08 22 08 14 08 1A 08
17 08 1A 08 16 08 1C 08 14 08 10 08 15 08 13 08 0E 08 19 08 06 08 17 08 0C 08 18 08 0C 08 14 08
0D 08 14 08 10 08 12 08 05 08 15 08 16 08 1B 08 18 08 1C 08 19 08 20 08 1C 08 0B 08 0B 08 14 08
0F 08 19 08 0C 08 1F 08 16 08 1A 08 12 08 16 08 11 08 1C 08 14 08 13 08 12 08 16 08 12 08 18 08
17 08 25 08 15 08 1F 08 0F 08 1B 08 10 08 19 08 15 08 1B 08 15 08 1C 08 14 08 19 08 16 08 10 08
0C 08 FE 07 0A 08 14 08 0C 08 10 08 08 08 15 08 09 08 13 08 0F 08 10 08 0C 08 13 08 0F 08 09 08
0A 08 11 08 0E 08 17 08 04 08 19 08 0E 08 11 08 05 08 13 08 05 08 12 08 05 08 0C 08 00 08 0A 08
02 08 04 08 FA 07 02 08 FA 07 02 08 F9 07 05 08 F7 07 08 08 02 08 05 08 FE 07 06 08 F8 07 08 08
FE 07 08 08 74 0A 56 0C DA 0D DA 0D DE 0D DF 0D DE 0D E3 0D DD 0D 06 08 0E 08 DB 0A 05 0D C5 0D
99 0D D2 0D D6 0D D3 0D DB 0D D7 0D CB 0D D5 0D D7 0D D4 0D D6 0D D2 0D D9 0D D4 0D D5 0D CF 0D
D4 0D D4 0D D2 0D D1 0D D1 0D CE 0D D3 0D CE 0D D3 0D CF 0D D2 0D D1 0D CF 0D D1 0D D1 0D CC 0D
CC 0D 12 0B 74 08 79 08 7A 08 72 08 81 08 6F 08 80 08 86 08 88 08 84 08 94 08 85 08 94 08 88 08
96 08 88 08 D2 08 90 08 7D 08 7C 08 91 08 82 08 8E 08 9A 08 98 08 8D 08 9C 08 8D 08 96 08 8A 08
95 08 82 08 8A 08 8A 08 8C 08 84 08 8E 08 7D 08 92 08 80 08 8F 08 8B 08 87 08 84 08 90 08 88 08
98 08 91 08 90 08 88 08 8C 08 88 08 89 08 89 08 84 08 8A 08 89 08 86 08 93 08 78 08 7D 08 72 08
8D 08 70 08 7E 08 7D 08 CA 08 7E 08 86 08 7C 08 85 08 84 08 92 08 8E 08 88 08 89 08 85 08 87 08
88 08 7B 08 88 08 88 08 9D 08 69 08 8E 08 86 08 8D 08 88 08 89 08 77 08 7B 08 74 08 76 08 6A 08
79 08 76 08 70 08 7A 08 81 08 6F 08 7A 08 6F 08 72 08 6A 08 75 08 77 08 9C 08 7C 08 8D 08 78 08
81 08 7A 08 7D 08 78 08 7F 08 74 08 B9 08 73 08 73 08 76 08 71 08 72 08 77 08 73 08 71 08 69 08
78 08 80 08 76 08 74 08 7C 08 70 08 80 08 7D 08 78 08 72 08 6F 08 71 08 81 08 78 08 88 08 72 08
85 08 7E 08 7B 08 6D 08 70 08 66 08 69 08 62 08 68 08 61 08 6A 08 75 08 71 08 6A 08 6C 08 62 08
66 08 68 08 6F 08 5D 08 70 08 6C 08 6A 08 5B 08 A2 08 63 08 69 08 5D 08 6A 08 61 08 74 08 72 08
6E 08 69 08 72 08 67 08 6D 08 60 08 69 08 56 08 66 08 57 08 5B 08 58 08 5A 08 48 08 51 08 52 08
67 08 59 08 76 08 66 08 71 08 58 08 66 08 5D 08 70 08 60 08 69 08 6B 08 6A 08 60 08 6B 08 64 08
5B 08 58 08 5E 08 4B 08 53 08 55 08 6A 08 5A 08 5B 08 54 08 A5 08 61 08 6B 08 6A 08 7C 08 65 08
76 08 6F 08 76 08 7A 08 71 08 61 08 70 08 6B 08 68 08 6A 08 74 08 66 08 6C 08 5F 08 6B 08 5C 08
68 08 5B 08 5F 08 5B 08 60 08 55 08 62 08 54 08 5B 08 56 08 4D 08 4A 08 57 08 4B 08 4F 08 47 08
42 08 49 08 48 08 40 08 47 08 3B 08 4B 08 44 08 34 08 43 08 4F 08 39 08 84 08 34 08 46 08 34 08
3C 08 47 08 50 08 47 08 4F 08 3D 08 51 08 45 08 4C 08 44 08 44 08 41 08 51 08 3F 08 46 08 4C 08
54 08 43 08 53 08 39 08 50 08 3B 08 49 08 42 08 4E 08 46 08 49 08 46 08 43 08 45 08 44 08 44 08
4B 08 45 08 4A 08 39 08 4F 08 44 08 58 08 48 08 5B 08 54 08 5B 08 4D 08 53 08 4C 08 8B 08 43 08
38 08 2D 08 37 08 31 08 39 08 36 08 48 08 3C 08 46 08 3C 08 4A 08 48 08 3E 08 3D 08 42 08 2E 08
34 08 3A 08 35 08 30 08 34 08 36 08 31 08 27 08 35 08 2B 08 28 08 1A 08 22 08 13 08 1D 08 19 08
21 08 13 08 1D 08 1B 08 20 08 22 08 2B 08 1E 08 2A 08 22 08 28 08 1F 08 29 08 12 08 2E 08 1B 08
68 08 24 08 1D 08 0F 08 18 08 14 08 13 08 0F 08 19 08 16 08 18 08 14 08 21 08 2B 08 2F 08 29 08
33 08 30 08 3C 08 2B 08 3C 08 38 08 2D 08 33 08 2F 08 2A 08 31 08 23 08 2B 08 1D 08 2B 08 1E 08
1D 08 13 08 24 08 09 08 16 08 0C 08 17 08 14 08 1A 08 19 08 1D 08 19 08 1C 08 10 08 13 08 0A 08
0B 08 13 08 57 08 0D 08 08 08 0D 08 17 08 01 08 12 08 FC 07 FD 07 FB 07 FF 07 F7 07 F6 07 EF 07
04 08 FA 07 02 08 FB 07 01 08 FD 07 0E 08 F8 07 0A 08 02 08 09 08 0C 08 17 08 09 08 0B 08 04 08
FF 07 F9 07 03 08 F0 07 F5 07 F3 07 12 08 FF 07 04 08 FB 07 0F 08 02 08 0F 08 02 08 16 08 01 08
0E 08 06 08 07 08 F9 07 37 08 EA 07 E4 07 DF 07 E8 07 E2 07 F4 07 E8 07 F5 07 FC 07 EE 07 E5 07
F7 07 E3 07 EA 07 DF 07 EB 07 EC 07 02 08 F9 07 FC 07 F4 07 FD 07 F8 07 FC 07 EF 07 03 08 F6 07
F5 07 EB 07 EE 07 F0 07 ED 07 E6 07 F7 07 E9 07 F3 07 ED 07 F3 07 E9 07 F6 07 E4 07 F9 07 E9 07
F1 07 E7 07 F3 07 E4 07 E7 07 D9 07 2F 08 DB 07 DD 07 CF 07 DC 07 CF 07 D9 07 D6 07 D9 07 D4 07
DA 07 DB 07 EC 07 E2 07 F5 07 D8 07 E9 07 DF 07 E1 07 D3 07 DD 07 DA 07 DA 07 D5 07 D9 07 D8 07
DF 07 E5 07 E2 07 DB 07 E6 07 DC 07 EA 07 DD 07 ED 07 C3 07 E9 07 D8 07 EB 07 DC 07 EC 07 E7 07
F4 07 E3 07 02 08 F5 07 0A 08 FF 07 01 08 F2 07 42 08 EE 07 F3 07 F2 07 F3 07 E6 07 F1 07 DD 07
E3 07 DF 07 DF 07 E1 07 E5 07 E2 07 E4 07 E5 07 EC 07 ED 07 E9 07 C2 07 E3 07 DC 07 DF 07 D2 07
DF 07 DD 07 E4 07 DC 07 E3 07 DB 07 DD 07 D1 07 D9 07 D7 07 DD 07 D3 07 E2 07 D2 07 DD 07 D5 07
DE 07 D7 07 F1 07 D3 07 E9 07 D7 07 ED 07 E6 07 F5 07 F3 07 39 08 EF 07 F9 07 F3 07 FE 07 EF 07
F8 07 EC 07 FD 07 ED 07 F6 07 FB 07 FA 07 E4 07 E5 07 DE 07 E5 07 D8 07 EB 07 D7 07 E1 07 D5 07
E2 07 D6 07 E1 07 D7 07 E6 07 DD 07 E1 07 E5 07 E7 07 EC 07 ED 07 EB 07 F4 07 E5 07 EF 07 E8 07
EF 07 E0 07 E9 07 E9 07 EF 07 E8 07 FD 07 EB 07 F9 07 EF 07 FB 07 ED 07 39 08 F4 07 E5 07 E7 07
F4 07 DF 07 F2 07 E6 07 ED 07 E6 07 E5 07 DF 07 E9 07 CE 07 E9 07 DC 07 EF 07 E6 07 F5 07 E9 07
F3 07 F3 07 F1 07 EB 07 F6 07 F5 07 03 08 F7 07 09 08 EE 07 05 08 F2 07 01 08 F7 07 F9 07 FF 07
F9 07 02 08 06 08 FA 07 06 08 F8 07 F9 07 EA 07 EE 07 EB 07 F0 07 E6 07 EF 07 DD 07 32 08 DB 07
E5 07 DA 07 DB 07 DD 07 EA 07 E1 07 F0 07 F0 07 FD 07 E9 07 01 08 F7 07 FD 07 FB 07 09 08 EE 07
06 08 F8 07 06 08 F3 07 0C 08 F4 07 02 08 F2 07 FD 07 FA 07 05 08 04 08 11 08 02 08 10 08 00 08
0D 08 FC 07 05 08 F6 07 05 08 FD 07 06 08 FA 07 0A 08 FF 07 0F 08 01 08 11 08 0F 08 12 08 0F 08
58 08 15 08 15 08 09 08 10 08 0B 08 0F 08 04 08 12 08 01 08 15 08 16 08 20 08 1A 08 2F 08 33 08
3D 08 34 08 3B 08 37 08 29 08 36 08 36 08 28 08 4A 08 3C 08 3C 08 35 08 36 08 36 08 41 08 2C 08
31 08 2D 08 36 08 30 08 3E 08 41 08 38 08 30 08 32 08 2F 08 31 08 25 08 1F 08 39 08 34 08 32 08
3D 08 31 08 7B 08 32 08 2D 08 2E 08 43 08 32 08 3C 08 38 08 41 08 3A 08 4C 08 46 08 51 08 4C 08
58 08 4E 08 57 08 4D 08 5A 08 52 08 51 08 51 08 4E 08 49 08 63 08 58 08 71 08 69 08 6C 08 68 08
71 08 5E 08 69 08 5F 08 70 08 6A 08 7D 08 75 08 7D 08 70 08 84 08 77 08 82 08 77 08 85 08 82 08
90 08 8A 08 8D 08 87 08 CB 08 89 08 8C 08 79 08 8D 08 79 08 76 08 7C 08 86 08 7C 08 91 08 89 08
8C 08 8E 08 A1 08 91 08 A1 08 99 08 AD 08 9C 08 AC 08 9B 08 AD 08 AD 08 B6 08 A9 08 A5 08 A0 08
A4 08 9B 08 9E 08 91 08 A1 08 90 08 94 08 94 08 9F 08 9B 08 AE 08 A3 08 A6 08 AC 08 A7 08 A0 08
A2 08 A5 08 AD 08 94 08 B0 08 A8 08 E1 08 AA 08 A9 08 AB 08 B8 08 B9 08 BA 08 B4 08 BA 08 A9 08
C3 08 C5 08 C4 08 BB 08 DA 08 BE 08 C4 08 BB 08 B5 08 A9 08 B9 08 AA 08 B6 08 B0 08 C2 08 AD 08
B2 08 B8 08 BC 08 B5 08 B6 08 B0 08 BB 08 AE 08 B4 08 B5 08 BC 08 B9 08 BD 08 BC 08 BC 08 B8 08
C9 08 C1 08 CB 08 BF 08 C5 08 C5 08 C2 08 C8 08 0E 09 CC 08 C7 08 C7 08 BF 08 C1 08 C2 08 B4 08
BF 08 B3 08 BB 08 B9 08 B6 08 B4 08 BB 08 AB 08 AB 08 9A 08 B4 08 C0 08 BD 08 BC 08 C9 08 B6 08
C2 08 C1 08 D0 08 B6 08 C2 08 B6 08 C0 08 B9 08 C6 08 B3 08 CB 08 C1 08 CA 08 BC 08 C0 08 C9 08
BE 08 BD 08 CE 08 C0 08 C1 08 BA 08 C7 08 B6 08 B6 08 B0 08 F3 08 B3 08 B5 08 A3 08 BB 08 AE 08
C4 08 BA 08 C1 08 AE 08 C7 08 B4 08 BD 08 AA 08 B8 08 B5 08 BB 08 B4 08 C2 08 C0 08 BE 08 CE 08
C6 08 BF 08 C5 08 B8 08 C8 08 B5 08 BA 08 AB 08 B0 08 AB 08 B2 08 A8 08 BE 08 B1 08 A3 08 A1 08
A0 08 9F 08 A3 08 9B 08 99 08 97 08 96 08 A3 08 97 08 94 08 93 08 89 08 D3 08 91 08 87 08 85 08
97 08 91 08 A2 08 A1 08 AC 08 AC 08 B2 08 B1 08 AA 08 A4 08 A6 08 9A 08 A9 08 99 08 A3 08 94 08
9C 08 8E 08 98 08 72 08 97 08 86 08 89 08 71 08 89 08 86 08 94 08 8C 08 97 08 91 08 96 08 9A 08
8F 08 89 08 99 08 8E 08 97 08 8B 08 97 08 95 08 9A 08 8F 08 A3 08 96 08 8A 08 96 08 C6 08 81 08
79 08 6F 08 71 08 72 08 82 08 6A 08 73 08 6D 08 73 08 64 08 7E 08 57 08 6B 08 5E 08 63 08 5A 08
61 08 58 08 63 08 5B 08 63 08 5C 08 69 08 5E 08 6D 08 5E 08 70 08 5A 08 63 08 53 08 53 08 54 08
51 08 44 08 5A 08 48 08 55 08 45 08 5A 08 4F 08 5F 08 52 08 59 08 58 08 5F 08 56 08 5F 08 4C 08
A2 08 63 08 49 08 4A 08 53 08 4A 08 5D 08 4C 08 51 08 53 08 60 08 4E 08 53 08 5D 08 6A 08 47 08
5E 08 4F 08 56 08 4D 08 58 08 50 08 52 08 4E 08 4D 08 49 08 58 08 4C 08 59 08 43 08 50 08 4B 08
55 08 4C 08 57 08 4A 08 55 08 43 08 51 08 4A 08 56 08 45 08 4F 08 48 08 45 08 41 08 47 08 44 08
45 08 3D 08 91 08 49 08 44 08 45 08 4B 08 50 08 58 08 4A 08 54 08 4C 08 56 08 48 08 4F 08 4A 08
51 08 5B 08 5C 08 4E 08 55 08 57 08 64 08 48 08 62 08 4B 08 5C 08 5D 08 54 08 4A 08 59 08 4D 08
53 08 45 08 4F 08 3D 08 4D 08 46 08 5A 08 41 08 47 08 47 08 36 08 36 08 4A 08 3A 08 47 08 3A 08
43 08 35 08 3C 08 3A 08 86 08 3C 08 32 08 30 08 3A 08 28 08 40 08 33 08 45 08 3D 08 3E 08 35 08
3F 08 40 08 45 08 3C 08 43 08 34 08 40 08 3D 08 3F 08 3B 08 48 08 38 08 49 08 48 08 48 08 39 08
40 08 3A 08 4A 08 47 08 40 08 40 08 3E 08 3A 08 3B 08 43 08 3D 08 36 08 32 08 33 08 3E 08 3E 08
49 08 35 08 43 08 43 08 4A 08 3D 08 88 08 3E 08 3C 08 38 08 3E 08 53 08 3B 08 3F 08 3C 08 3D 08
44 08 3A 08 4C 08 3D 08 47 08 30 08 41 08 36 08 43 08 34 08 39 08 37 08 45 08 36 08 3F 08 31 08
41 08 39 08 2D 08 42 08 3D 08 39 08 49 08 3A 08 40 08 37 08 3B 08 30 08 3C 08 31 08 3E 08 37 08
40 08 2D 08 37 08 27 08 48 08 2B 08 38 08 2B 08 81 08 34 08 3A 08 25 08 52 08 2D 08 32 08 2C 08
2A 08 3A 08 30 08 32 08 2C 08 2A 08 32 08 2C 08 39 08 2A 08 34 08 39 08 34 08 33 08 38 08 34 08
40 08 3A 08 38 08 2F 08 41 08 31 08 38 08 3A 08 3A 08 36 08 34 08 2B 08 33 08 2D 08 3D 08 32 08
3E 08 32 08 44 08 33 08 3A 08 36 08 37 08 38 08 4A 08 3B 08 86 08 39 08 3D 08 38 08 40 08 36 08
43 08 33 08 5F 08 41 08 46 08 48 08 4E 08 40 08 44 08 31 08 44 08 42 08 3E 08 36 08 3D 08 37 08
3E 08 3A 08 46 08 32 08 3D 08 2B 08 32 08 38 08 35 08 26 08 2C 08 17 08 24 08 22 08 30 08 25 08
29 08 28 08 38 08 2A 08 38 08 31 08 48 08 30 08 40 08 2F 08 3A 08 35 08 76 08 35 08 2A 08 2F 08
3C 08 35 08 3C 08 35 08 45 08 38 08 3B 08 37 08 3D 08 3B 08 3C 08 29 08 3D 08 38 08 3C 08 35 08
43 08 35 08 43 08 40 08 3D 08 42 08 4D 08 41 08 51 08 3D 08 40 08 33 08 32 08 2D 08 3E 08 32 08
44 08 3F 08 3C 08 3D 08 36 08 39 08 3D 08 38 08 44 08 30 08 4A 08 31 08 3E 08 3B 08 7F 08 31 08
24 08 1F 08 37 08 26 08 35 08 26 08 37 08 30 08 34 08 2D 08 36 08 28 08 39 08 2F 08 38 08 37 08
38 08 33 08 36 08 2F 08 3B 08 2A 08 3C 08 18 08 40 08 43 08 41 08 44 08 4A 08 40 08 4C 08 49 08
50 08 40 08 53 08 3D 08 4B 08 3E 08 3A 08 41 08 43 08 34 08 3B 08 3D 08 3A 08 3A 08 44 08 3F 08
74 08 34 08 2E 08 2B 08 3D 08 2A 08 32 08 30 08 39 08 2E 08 16 08 34 08 39 08 31 08 37 08 36 08
40 08 42 08 42 08 36 08 41 08 3D 08 49 08 37 08 50 08 3B 08 48 08 3E 08 41 08 48 08 41 08 42 08
4B 08 35 08 39 08 4D 08 44 08 35 08 40 08 3E 08 46 08 3A 08 47 08 3C 08 49 08 3D 08 45 08 39 08
41 08 36 08 81 08 40 08 38 08 2F 08 36 08 2B 08 39 08 2F 08 3E 08 31 08 40 08 31 08 44 08 37 08
40 08 3E 08 42 08 44 08 3C 08 4D 08 3D 08 38 08 40 08 3B 08 4B 08 3C 08 48 08 3B 08 43 08 38 08
40 08 31 08 38 08 3D 08 4D 08 40 08 4D 08 41 08 4B 08 3F 08 38 08 30 08 38 08 3A 08 38 08 37 08
3C 08 37 08 3E 08 37 08 7D 08 32 08 33 08 2C 08 39 08 33 08 3B 08 32 08 36 08 2B 08 3C 08 2A 08
30 08 2A 08 32 08 32 08 3E 08 35 08 42 08 34 08 3D 08 30 08 3A 08 3B 08 38 08 32 08 3A 08 2C 08
30 08 2A 08 2E 08 21 08 2C 08 2C 08 3E 08 37 08 4B 08 31 08 45 08 21 08 4B 08 39 08 40 08 3B 08
46 08 3B 08 43 08 46 08 48 08 36 08 85 08 3B 08 39 08 31 08 45 08 30 08 3B 08 31 08 3D 08 3D 08
43 08 37 08 4C 08 39 08 43 08 3A 08 44 08 3C 08 31 08 3D 08 44 08 43 08 42 08 2A 08 29 08 35 08
38 08 33 08 2F 08 2C 08 2B 08 2B 08 34 08 2C 08 38 08 2D 08 40 08 29 08 38 08 3B 08 38 08 2F 08
39 08 2C 08 3D 08 2C 08 3D 08 32 08 41 08 3D 08 79 08 3A 08 2F 08 2C 08 2F 08 31 08 3D 08 26 08
37 08 2E 08 33 08 37 08 3B 08 3E 08 42 08 31 08 45 08 42 08 47 08 4D 08 43 08 3D 08 3D 08 3C 08
3C 08 2D 08 40 08 38 08 42 08 2E 08 3A 08 2C 08 34 08 31 08 35 08 32 08 30 08 2D 08 3C 08 27 08
39 08 2E 08 38 08 34 08 40 08 2D 08 3D 08 2D 08 35 08 29 08 75 08 26 08 2F 08 28 08 38 08 2B 08
40 08 2B 08 3D 08 2B 08 35 08 2A 08 32 08 33 08 3C 08 27 08 2C 08 22 08 28 08 25 08 31 08 33 08
36 08 2B 08 38 08 2D 08 46 08 3F 08 49 08 42 08 48 08 4F 08 4C 08 40 08 54 08 3E 08 48 08 3A 08
3D 08 2E 08 3E 08 36 08 40 08 3C 08 41 08 3C 08 42 08 3B 08 3C 08 32 08 80 08 2E 08 29 08 34 08
37 08 30 08 3C 08 36 08 49 08 34 08 3D 08 34 08 3C 08 3C 08 34 08 34 08 48 08 2E 08 40 08 31 08
3C 08 42 08 3B 08 33 08 39 08 33 08 3D 08 35 08 40 08 3E 08 3E 08 3C 08 40 08 40 08 44 08 43 08
4E 08 36 08 40 08 42 08 42 08 3E 08 50 08 3C 08 43 08 4A 08 52 08 46 08 4F 08 4E 08 8A 08 41 08
3E 08 36 08 44 08 44 08 4D 08 47 08 4D 08 3D 08 4C 08 40 08 58 08 40 08 48 08 3D 08 49 08 45 08
3D 08 39 08 34 08 3A 08 49 08 35 08 49 08 3B 08 3D 08 39 08 41 08 42 08 43 08 49 08 52 08 3C 08
51 08 38 08 4A 08 4C 08 4A 08 47 08 4A 08 37 08 55 08 3C 08 55 08 3A 08 45 08 39 08 42 08 39 08
86 08 44 08 3D 08 40 08 42 08 41 08 43 08 4B 08 4B 08 40 08 4D 08 41 08 45 08 41 08 46 08 42 08
4A 08 41 08 3D 08 3C 08 44 08 38 08 42 08 39 08 48 08 36 08 46 08 43 08 46 08 49 08 47 08 3F 08
48 08 4A 08 48 08 45 08 41 08 40 08 37 08 3A 08 44 08 44 08 50 08 44 08 4B 08 44 08 58 08 45 08
52 08 45 08 8D 08 41 08 44 08 37 08 3E 08 3B 08 45 08 40 08 50 08 3E 08 48 08 41 08 47 08 47 08
5A 08 49 08 5B 08 49 08 51 08 44 08 4E 08 4A 08 57 08 50 08 59 08 4C 08 53 08 56 08 5A 08 52 08
5C 08 50 08 4A 08 4A 08 58 08 44 08 54 08 45 08 4D 08 58 08 4C 08 4A 08 4A 08 4C 08 4D 08 46 08
50 08 40 08 4E 08 23 08 91 08 41 08 51 08 40 08 4F 08 45 08 4E 08 43 08 45 08 4B 08 4E 08 5B 08
49 08 42 08 52 08 53 08 52 08 3C 08 4A 08 40 08 48 08 46 08 53 08 3F 08 50 08 48 08 4C 08 42 08
4F 08 49 08 59 08 4E 08 54 08 46 08 56 08 4E 08 63 08 56 08 64 08 58 08 5D 08 4C 08 5C 08 4B 08
66 08 49 08 56 08 46 08 53 08 47 08 8B 08 48 08 44 08 3E 08 48 08 4B 08 47 08 4F 08 4B 08 45 08
51 08 40 08 52 08 48 08 53 08 4A 08 52 08 44 08 4D 08 4B 08 4D 08 54 08 54 08 4B 08 4E 08 48 08
4F 08 4C 08 58 08 45 08 5B 08 40 08 5C 08 4A 08 62 08 58 08 67 08 58 08 64 08 5B 08 5C 08 49 08
61 08 5C 08 5B 08 58 08 60 08 4B 08 53 08 49 08 94 08 5D 08 52 08 50 08 45 08 50 08 51 08 4C 08
55 08 52 08 52 08 49 08 5C 08 51 08 4F 08 4C 08 55 08 44 08 5E 08 4C 08 57 08 4D 08 56 08 4E 08
57 08 4E 08 55 08 49 08 5C 08 59 08 55 08 50 08 52 08 51 08 5A 08 49 08 5B 08 34 08 5C 08 51 08
57 08 5B 08 5E 08 54 08 5C 08 50 08 5C 08 50 08 59 08 50 08 A2 08 56 08 58 08 4A 08 5D 08 50 08
51 08 54 08 60 08 56 08 6A 08 60 08 63 08 5A 08 60 08 61 08 62 08 63 08 60 08 5D 08 66 08 63 08
69 08 66 08 6E 08 64 08 6C 08 5D 08 72 08 63 08 6E 08 60 08 74 08 66 08 70 08 5E 08 73 08 70 08
6E 08 65 08 70 08 62 08 66 08 68 08 76 08 91 08 6D 08 6D 08 76 08 7A 08 B8 08 70 08 68 08 67 08
76 08 70 08 79 08 70 08 7C 08 66 08 70 08 65 08 78 08 67 08 76 08 70 08 7A 08 6A 08 77 08 7A 08
6D 08 61 08 6B 08 68 08 6A 08 60 08 76 08 58 08 72 08 61 08 6F 08 61 08 71 08 5E 08 68 08 62 08
64 08 5C 08 64 08 64 08 67 08 59 08 6F 08 62 08 64 08 60 08 5B 08 5D 08 5F 08 66 08 A3 08 5D 08
6A 08 5B 08 69 08 53 08 6D 08 5C 08 75 08 6A 08 6C 08 68 08 66 08 66 08 74 08 62 08 6D 08 63 08
6F 08 63 08 70 08 67 08 7A 08 64 08 70 08 65 08 6A 08 63 08 66 08 60 08 64 08 6B 08 69 08 5A 08
7B 08 65 08 6B 08 69 08 67 08 66 08 63 08 64 08 65 08 68 08 65 08 53 08 62 08 6B 08 65 08 5A 08
A3 08 5D 08 5B 08 57 08 62 08 5C 08 69 08 61 08 65 08 5D 08 63 08 63 08 68 08 6B 08 71 08 65 08
6E 08 66 08 6E 08 6D 08 69 08 5F 08 63 08 5A 08 63 08 55 08 63 08 60 08 5E 08 56 08 69 08 55 08
67 F6 47 73
